111 2
22 55
123 222
12 4
0 1
1 0
10000000000000000000000000000000000000000000000000000000000000000000000000000000000000000000000000000 2
2 10000000000000000000000000000000000000000000000000000000000000000000000000000000000000000000000000000
10000000000000000000000000000000000000000000000000000000000000000000000000000000000000000000000000000 10000000000000000000000000000000000000000000000000000000000000000000000000000000000000000000000000000
1234 4321
11111111 9
9 98
999999999999 999999999999999999999998
0 0
